2.2384811432233724
2.2384811432233724
2.2384811432233724
2.2384811432233724
2.2489240292184065
2.240859266307082
2.240683366091626
2.240683366091626
2.240683366091626
2.240683366091626
2.2408905591691015
2.2408905591691015
2.2406811567305813
2.2408220277772752
2.2408132547690087
2.240109220118932
2.240109220118932
2.237313776686847
2.2395549293270367
2.2395549293270367
2.239629649576554
2.249928602981119
2.2369852415090494
2.2369845887168696
2.2369862206666236
2.2369862206666236
2.2373129710588984
2.2373129710588984
2.239815565464058
2.2494579513895996
2.236980834844138
2.236980834844138
2.239517322157024
2.239514978619981
2.2369809980672506
2.239517761541059
2.239517761541059
2.23706264418066
2.2371042644097368
2.23731152086413
2.238262562548414
2.2382822368674646
2.238262562548414
2.238262562548414
2.2394978335444877
2.2382822368674646
2.2494577182289257
2.238908525819041
2.2389849269826887
2.249457818161068
